%% MAE131B Assignment 2
% Eric Foss
% 17068006


%% Problem 2


S = [3, 0, 2;
     0, 0, 0;
     2, 0, 0];

